mpc.version = '2';
mpc.baseMVA = 100.0;
mpc.baseKG=17286;
mpc.frequency1=50;
mpc.rocof=0.5;
mpc.deltaf=1;


%% bus data
%	bus_i	type		Pd		Qd		  Gs	 Bs	   area		Vm	   Va		   baseKV	zone	  Vmax			 Vmin
mpc.bus = [
% Slack bus (largest generator: 4937 with 4476.97 MW)
	4937	3		0.0		0.0		0.0		0.0		1		1.0		0		380.0		1		1.10000		0.90000;

% PV buses (all other generator buses)
	1517	2		0.0		0.0		0.0		0.0		1		1.0		0		380.0		1		1.10000		0.90000;
	1523	2		0.0		0.0		0.0		0.0		1		1.0		0		380.0		1		1.10000		0.90000;
	1524	2		0.0		0.0		0.0		0.0		1		1.0		0		380.0		1		1.10000		0.90000;
	1535	2		0.0		0.0		0.0		0.0		1		1.0		0		380.0		1		1.10000		0.90000;
	1544	2		0.0		0.0		0.0		0.0		1		1.0		0		380.0		1		1.10000		0.90000;
	1547	2		0.0		0.0		0.0		0.0		1		1.0		0		380.0		1		1.10000		0.90000;
	1555	2		0.0		0.0		0.0		0.0		1		1.0		0		380.0		1		1.10000		0.90000;
	1559	2		0.0		0.0		0.0		0.0		1		1.0		0		380.0		1		1.10000		0.90000;
	1569	2		0.0		0.0		0.0		0.0		1		1.0		0		380.0		1		1.10000		0.90000;
	1571	2		0.0		0.0		0.0		0.0		1		1.0		0		380.0		1		1.10000		0.90000;
	1603	2		0.0		0.0		0.0		0.0		1		1.0		0		380.0		1		1.10000		0.90000;
	2457	2		0.0		0.0		0.0		0.0		1		1.0		0		380.0		1		1.10000		0.90000;
	2458	2		0.0		0.0		0.0		0.0		1		1.0		0		380.0		1		1.10000		0.90000;
	2460	2		0.0		0.0		0.0		0.0		1		1.0		0		380.0		1		1.10000		0.90000;
	4914	2		0.0		0.0		0.0		0.0		1		1.0		0		380.0		1		1.10000		0.90000;
	4915	2		0.0		0.0		0.0		0.0		1		1.0		0		380.0		1		1.10000		0.90000;
	4916	2		0.0		0.0		0.0		0.0		1		1.0		0		380.0		1		1.10000		0.90000;
	4917	2		0.0		0.0		0.0		0.0		1		1.0		0		380.0		1		1.10000		0.90000;
	4918	2		0.0		0.0		0.0		0.0		1		1.0		0		380.0		1		1.10000		0.90000;
	4919	2		0.0		0.0		0.0		0.0		1		1.0		0		380.0		1		1.10000		0.90000;
	4920	2		0.0		0.0		0.0		0.0		1		1.0		0		380.0		1		1.10000		0.90000;
	4921	2		0.0		0.0		0.0		0.0		1		1.0		0		380.0		1		1.10000		0.90000;
	4922	2		0.0		0.0		0.0		0.0		1		1.0		0		380.0		1		1.10000		0.90000;
	4923	2		0.0		0.0		0.0		0.0		1		1.0		0		380.0		1		1.10000		0.90000;
	4924	2		0.0		0.0		0.0		0.0		1		1.0		0		380.0		1		1.10000		0.90000;
	4925	2		0.0		0.0		0.0		0.0		1		1.0		0		380.0		1		1.10000		0.90000;
	4926	2		0.0		0.0		0.0		0.0		1		1.0		0		380.0		1		1.10000		0.90000;
	4927	2		0.0		0.0		0.0		0.0		1		1.0		0		380.0		1		1.10000		0.90000;
	4928	2		0.0		0.0		0.0		0.0		1		1.0		0		380.0		1		1.10000		0.90000;
	4929	2		0.0		0.0		0.0		0.0		1		1.0		0		380.0		1		1.10000		0.90000;
	4930	2		0.0		0.0		0.0		0.0		1		1.0		0		380.0		1		1.10000		0.90000;
	4931	2		0.0		0.0		0.0		0.0		1		1.0		0		380.0		1		1.10000		0.90000;
	4932	2		0.0		0.0		0.0		0.0		1		1.0		0		380.0		1		1.10000		0.90000;
	4933	2		0.0		0.0		0.0		0.0		1		1.0		0		380.0		1		1.10000		0.90000;
	4934	2		0.0		0.0		0.0		0.0		1		1.0		0		380.0		1		1.10000		0.90000;
	4935	2		0.0		0.0		0.0		0.0		1		1.0		0		380.0		1		1.10000		0.90000;
	4936	2		0.0		0.0		0.0		0.0		1		1.0		0		380.0		1		1.10000		0.90000;
	4938	2		0.0		0.0		0.0		0.0		1		1.0		0		380.0		1		1.10000		0.90000;
	4939	2		0.0		0.0		0.0		0.0		1		1.0		0		380.0		1		1.10000		0.90000;
	4940	2		0.0		0.0		0.0		0.0		1		1.0		0		380.0		1		1.10000		0.90000;
	4941	2		0.0		0.0		0.0		0.0		1		1.0		0		380.0		1		1.10000		0.90000;
	5476	2		0.0		0.0		0.0		0.0		1		1.0		0		380.0		1		1.10000		0.90000;
	5477	2		0.0		0.0		0.0		0.0		1		1.0		0		380.0		1		1.10000		0.90000;
	5478	2		0.0		0.0		0.0		0.0		1		1.0		0		380.0		1		1.10000		0.90000;
	5479	2		0.0		0.0		0.0		0.0		1		1.0		0		380.0		1		1.10000		0.90000;
	5480	2		0.0		0.0		0.0		0.0		1		1.0		0		380.0		1		1.10000		0.90000;
	5481	2		0.0		0.0		0.0		0.0		1		1.0		0		380.0		1		1.10000		0.90000;
	5483	2		0.0		0.0		0.0		0.0		1		1.0		0		380.0		1		1.10000		0.90000;
	5484	2		0.0		0.0		0.0		0.0		1		1.0		0		380.0		1		1.10000		0.90000;
	5485	2		0.0		0.0		0.0		0.0		1		1.0		0		380.0		1		1.10000		0.90000;
	5486	2		0.0		0.0		0.0		0.0		1		1.0		0		380.0		1		1.10000		0.90000;
	5487	2		0.0		0.0		0.0		0.0		1		1.0		0		380.0		1		1.10000		0.90000;
	5488	2		0.0		0.0		0.0		0.0		1		1.0		0		380.0		1		1.10000		0.90000;
	5489	2		0.0		0.0		0.0		0.0		1		1.0		0		380.0		1		1.10000		0.90000;
	5490	2		0.0		0.0		0.0		0.0		1		1.0		0		380.0		1		1.10000		0.90000;
	5493	2		0.0		0.0		0.0		0.0		1		1.0		0		380.0		1		1.10000		0.90000;
	5497	2		0.0		0.0		0.0		0.0		1		1.0		0		380.0		1		1.10000		0.90000;
];
%% bus mapping: n1=1, n2=2, n3=3, n4=4, n5=5, n6=6

%% branch data r, x, b (7 random branches connecting generator buses)
%  1-fbus  2-tbus   3-r       4-x       5-b       6-rateA  7-rateB  8-rateC  9-ratio  10-angle  11-status  12-angmin  13-angmax
mpc.branch = [
% Branch 1: Connect bus 4937 (slack) to bus 4932 (large generator)
     4937    4932    0.0010    0.0100    0.0000     1000     1000     1000       0         0         1         -60         60;
     
% Branch 2: Connect bus 4937 to bus 4924
     4937    4924    0.0015    0.0150    0.0000     1000     1000     1000       0         0         1         -60         60;
     
% Branch 3: Connect bus 4932 to bus 4922
     4932    4922    0.0020    0.0200    0.0000     1000     1000     1000       0         0         1         -60         60;
     
% Branch 4: Connect bus 4924 to bus 4914
     4924    4914    0.0018    0.0180    0.0000     1000     1000     1000       0         0         1         -60         60;
     
% Branch 5: Connect bus 5477 to bus 5480
     5477    5480    0.0022    0.0220    0.0000     1000     1000     1000       0         0         1         -60         60;
     
% Branch 6: Connect bus 5480 to bus 5484
     5480    5484    0.0012    0.0120    0.0000     1000     1000     1000       0         0         1         -60         60;
     
% Branch 7: Connect bus 2457 to bus 2460
     2457    2460    0.0014    0.0140    0.0000     1000     1000     1000       0         0         1         -60         60;
];

%% Unified generation table
%
% bus Pg Qg Qmax Qmin Vg mBase status Pmax Pmin Pc1 Pc2 Qc1min Qc1max Qc2min Qc2max ramp_agc ramp_10 ramp_30 ramp_q apf alpha

