mpc.version = '2';
mpc.baseMVA = 100.0;
mpc.baseKG=100;
mpc.frequency1=50;
mpc.rocof=0.5;
mpc.deltaf=1;
mpc.wind=98160;%=40760+50873+6527
mpc.solar=36731;%=9849+26882

%% bus data
%	bus_i	type		Pd		Qd		  Gs	 Bs	   area		Vm	   Va		   baseKV	zone	  Vmax			 Vmin
mpc.bus = [
	1	 	1	 		0.0	 	0.0	 	  0.0	 0.0	 1	    1.0	    0	 		380.0	  1	      1.10000	    0.90000;
	2	 	2	 		0.0	    0.0	      0.0	 0.0	 1	    1.0	    0	 		380.0	  1	      1.10000	    0.90000;
	3	 	3	 		220.0	0.0	 	  0.0	 0.0	 1	    1.0	    0	 		380.0	  1	      1.10000	    0.90000;
	4	 	1	 		0.0	 	0.0	 	  0.0	 0.0	 2	    1.0	    0	 		380.0	  2	      1.10000	    0.90000;
	5	 	2	 	  	0.0	    0.0	      0.0	 0.0	 2	    1.0526	0	 		380.0	  2	      1.10000	    0.90000;
	6	 	3	 		190.0	0.0	      0.0	 0.0	 2	    1.0	    0	 		380.0	  2	      1.10000	    0.90000;
    ];
%% bus mapping: n1=1, n2=2, n3=3, n4=4, n5=5, n6=6

%% branch data r, x, b assigned randomly using random data for matpower case 14
%  1-fbus  2-tbus   3-r       4-x       5-b       6-rateA  7-rateB  8-rateC  9-ratio  10-angle  11-status  12-angmin  13-angmax
mpc.branch = [
     1       2     0.0235    0.0712    0.0356     100      100      100       0         0         1         -60         60;  % n1–n2
     1       3     0.0479    0.1925    0.0423     100      100      100       0         0         1         -60         60;  % n1–n3
     2       3     0.0526    0.1583    0.0317     100      100      100       0         0         1         -60         60;  % n2–n3
     4       5     0.0142    0.0453    0.0110     100      100      100       0         0         1         -60         60;  % n4–n5
     4       6     0.0668    0.1339    0.0125     100      100      100       0         0         1         -60         60;  % n4–n6
     5       6     0.1213    0.2661    0.0498     100      100      100       0         0         1         -60         60;  % n5–n6
];


%% Unified generation table
%
% bus Pg Qg Qmax Qmin Vg mBase status Pmax Pmin Pc1 Pc2 Qc1min Qc1max Qc2min Qc2max ramp_agc ramp_10 ramp_30 ramp_q apf alpha

mpc.gen = [
2457    0  0  0    0    0  100   1      2042.84  204.284 0   0   0      0      0      0      0        0       0       0      0   0;
2458    0  0  0    0    0  100   1       894.69   89.469 0   0   0      0      0      0      0        0       0       0      0   0;
2460    0  0  0    0    0  100   1       299.08   29.908 0   0   0      0      0      0      0        0       0       0      0   0;
4914    0  0  0    0    0  100   1      1730.37  173.037 0   0   0      0      0      0      0        0       0       0      0   0;
4915    0  0  0    0    0  100   1       150.65   15.065 0   0   0      0      0      0      0        0       0       0      0   0;
4916    0  0  0    0    0  100   1       383.08   38.308 0   0   0      0      0      0      0        0       0       0      0   0;
4918    0  0  0    0    0  100   1       232.33   23.233 0   0   0      0      0      0      0        0       0       0      0   0;
4919    0  0  0    0    0  100   1      1031.58  103.158 0   0   0      0      0      0      0        0       0       0      0   0;
4920    0  0  0    0    0  100   1       517.79   51.779 0   0   0      0      0      0      0        0       0       0      0   0;
4921    0  0  0    0    0  100   1       179.49   17.949 0   0   0      0      0      0      0        0       0       0      0   0;
4922    0  0  0    0    0  100   1       828.33   82.833 0   0   0      0      0      0      0        0       0       0      0   0;
4923    0  0  0    0    0  100   1      1199.29  119.929 0   0   0      0      0      0      0        0       0       0      0   0;
4924    0  0  0    0    0  100   1      1876.63  187.663 0   0   0      0      0      0      0        0       0       0      0   0;
4925    0  0  0    0    0  100   1        38.98    3.898 0   0   0      0      0      0      0        0       0       0      0   0;
4926    0  0  0    0    0  100   1       100.12   10.012 0   0   0      0      0      0      0        0       0       0      0   0;
4927    0  0  0    0    0  100   1      2654.59  265.459 0   0   0      0      0      0      0        0       0       0      0   0;
4928    0  0  0    0    0  100   1       425.64   42.564 0   0   0      0      0      0      0        0       0       0      0   0;
4929    0  0  0    0    0  100   1       476.73   47.673 0   0   0      0      0      0      0        0       0       0      0   0;
4930    0  0  0    0    0  100   1       150.08   15.008 0   0   0      0      0      0      0        0       0       0      0   0;
4931    0  0  0    0    0  100   1      1004.57  100.457 0   0   0      0      0      0      0        0       0       0      0   0;
4932    0  0  0    0    0  100   1      3355.43  335.543 0   0   0      0      0      0      0        0       0       0      0   0;
4933    0  0  0    0    0  100   1       858.02   85.802 0   0   0      0      0      0      0        0       0       0      0   0;
4934    0  0  0    0    0  100   1      2358.23  235.823 0   0   0      0      0      0      0        0       0       0      0   0;
4935    0  0  0    0    0  100   1      2076.75  207.675 0   0   0      0      0      0      0        0       0       0      0   0;
4936    0  0  0    0    0  100   1       774.52   77.452 0   0   0      0      0      0      0        0       0       0      0   0;
4937    0  0  0    0    0  100   1      4476.97  447.697 0   0   0      0      0      0      0        0       0       0      0   0;
4938    0  0  0    0    0  100   1       690.11   69.011 0   0   0      0      0      0      0        0       0       0      0   0;
4939    0  0  0    0    0  100   1       750.68   75.068 0   0   0      0      0      0      0        0       0       0      0   0;
4940    0  0  0    0    0  100   1      1270.15  127.015 0   0   0      0      0      0      0        0       0       0      0   0;
4941    0  0  0    0    0  100   1      2400.57  240.057 0   0   0      0      0      0      0        0       0       0      0   0;
5476    0  0  0    0    0  100   1      1025.76  102.576 0   0   0      0      0      0      0        0       0       0      0   0;
5477    0  0  0    0    0  100   1      4418.24  441.824 0   0   0      0      0      0      0        0       0       0      0   0;
5478    0  0  0    0    0  100   1       655.60   65.560 0   0   0      0      0      0      0        0       0       0      0   0;
5479    0  0  0    0    0  100   1       782.18   78.218 0   0   0      0      0      0      0        0       0       0      0   0;
5480    0  0  0    0    0  100   1      3417.36  341.736 0   0   0      0      0      0      0        0       0       0      0   0;
5481    0  0  0    0    0  100   1      3219.97  321.997 0   0   0      0      0      0      0        0       0       0      0   0;
5483    0  0  0    0    0  100   1      1728.26  172.826 0   0   0      0      0      0      0        0       0       0      0   0;
5484    0  0  0    0    0  100   1       121.84   12.184 0   0   0      0      0      0      0        0       0       0      0   0;
5485    0  0  0    0    0  100   1       375.38   37.538 0   0   0      0      0      0      0        0       0       0      0   0;
5486    0  0  0    0    0  100   1       275.42   27.542 0   0   0      0      0      0      0        0       0       0      0   0;
5487    0  0  0    0    0  100   1        52.08    5.208 0   0   0      0      0      0      0        0       0       0      0   0;
5489    0  0  0    0    0  100   1        30.01    3.001 0   0   0      0      0      0      0        0       0       0      0   0;
5490    0  0  0    0    0  100   1        21.13    2.113 0   0   0      0      0      0      0        0       0       0      0   0;
5493    0  0  0    0    0  100   1       323.87   32.387 0   0   0      0      0      0      0        0       0       0      0   0;

